y<-2
q<-14
